16
0   29.2   31   30
1   29.2    -29   30
2   30.8    -29   30
3   30.8     31   30
4   29.6     30.6 30
5   30.4     30.6 30
6   29.6    29.4 30
7   30.4    29.4 30
8   29.2    31   31
9   29.2    -29  31
10  30.8    -29  31
11  30.8     31  31
12  29.6     30.6 31
13  30.4     30.6 31
14  29.6    29.4 31
15  30.4    29.4 31
24
0 0 1
1 1 2
2 2 3
3 3 0
4 4 6
5 6 7
6 7 5
7 5 4
8 8 9
9 9 10
10 10 11
11 11 8
12 12 14
13 14 15
14 15 13
15 13 12
16 0 8
17 1 9
18 2 10
19 3 11
20 4 12 
21 5 13
22 6 14
23 7 15
10
8 0 1 2 3 4 5 6 7
8 8 9 10 11 12 13 14 15
4 3 11 16 19
4 0 8 17 16
4 2 10 18 19
4 1 9 17 18
4 4 12 20 22
4 6 14 23 21 
4 7 15 20 21
4 5 22 13 23