16
0 -0.8 1 0
1 -0.8 -1 0
2 0.8 -1 0
3 0.8 1 0
4 -0.4 0.6 0
5 0.4 0.6 0
6 -0.4 -0.6 0
7 0.4 -0.6 0
8 -0.8 1 1
9 -0.8 -1 1
10 0.8 -1 1
11 0.8 1 1
12 -0.4 0.6 1
13 0.4 0.6 1
14 -0.4 -0.6 1
15 0.4 -0.6 1
24
0 0 1
1 1 2
2 2 3
3 3 0
4 4 6
5 6 7
6 7 5
7 5 4
8 8 9
9 9 10
10 10 11
11 11 8
12 12 14
13 14 15
14 15 13
15 13 12
16 0 8
17 1 9
18 2 10
19 3 11
20 4 12 
21 5 13
22 6 14
23 7 15
10
8 0 1 2 3 4 5 6 7
8 8 9 10 11 12 13 14 15
4 3 11 16 19
4 0 8 17 16
4 2 10 18 19
4 1 9 17 18
4 4 12 20 22
4 6 14 23 21 
4 7 15 20 21
4 5 22 13 23